start=140.307000
pause=yes
volume=96.000000
