start=1425.466000
pause=yes
volume=86.000000
