start=1417.374000
volume=80.000000
fullscreen=yes
