start=1390.222000
volume=88.000000
fullscreen=yes
