start=14.097000
pause=yes
volume=78.000000
sid=1
