start=1433.724000
volume=90.480011
fullscreen=yes
